snp	beta	se	reverse
rs1000940	0.019	0.003	0
rs10132280	0.023	0.003	1
rs1016287	0.023	0.003	1
rs10182181	0.031	0.003	0
rs10733682	0.017	0.003	1
rs10938397	0.04	0.003	0
rs10968576	0.025	0.003	0
rs11030104	0.041	0.004	1
rs11057405	0.031	0.006	1
rs11126666	0.021	0.003	1
rs11165643	0.022	0.003	0
rs11191560	0.031	0.005	0
rs11583200	0.018	0.003	1
rs1167827	0.02	0.003	0
rs11688816	0.017	0.003	1
rs11727676	0.036	0.006	1
rs11847697	0.049	0.008	0
rs12286929	0.022	0.003	0
rs12401738	0.021	0.003	0
rs12429545	0.033	0.005	0
rs12446632	0.04	0.005	1
rs12566985	0.024	0.003	1
rs12885454	0.021	0.003	1
rs12940622	0.018	0.003	1
rs13021737	0.06	0.004	0
rs13078960	0.03	0.004	0
rs13107325	0.048	0.007	0
rs13191362	0.028	0.005	1
rs13201877	0.024	0.004	0
rs1441264	0.017	0.003	0
rs1460676	0.021	0.004	0
rs1516725	0.045	0.005	0
rs1528435	0.018	0.003	0
rs1558902	0.082	0.003	0
rs16851483	0.048	0.008	0
rs16907751	0.047	0.009	1
rs16951275	0.031	0.004	1
rs17001654	0.031	0.005	0
rs17024393	0.066	0.009	0
rs17094222	0.025	0.004	0
rs17203016	0.021	0.004	0
rs17405819	0.022	0.003	1
rs17724992	0.019	0.004	1
rs1808579	0.017	0.003	1
rs1928295	0.019	0.003	1
rs2033732	0.019	0.004	0
rs205262	0.022	0.004	0
rs2075650	0.026	0.005	1
rs2080454	0.017	0.003	1
rs2112347	0.026	0.003	1
rs2121279	0.025	0.004	0
rs2176040	0.024	0.004	1
rs2176598	0.02	0.004	1
rs2207139	0.045	0.004	0
rs2245368	0.032	0.006	1
rs2287019	0.036	0.004	1
rs2365389	0.02	0.003	1
rs2650492	0.021	0.004	0
rs2820292	0.02	0.003	0
rs2836754	0.017	0.003	0
rs29941	0.018	0.003	0
rs3101336	0.033	0.003	0
rs3736485	0.018	0.003	1
rs3810291	0.028	0.004	0
rs3817334	0.026	0.003	0
rs3849570	0.019	0.003	0
rs3888190	0.031	0.003	0
rs4256980	0.021	0.003	0
rs4740619	0.018	0.003	1
rs4787491	0.022	0.004	0
rs492400	0.024	0.004	1
rs543874	0.048	0.004	0
rs6091540	0.03	0.004	1
rs6465468	0.025	0.005	0
rs6477694	0.017	0.003	1
rs6567160	0.056	0.004	0
rs657452	0.023	0.003	0
rs6804842	0.019	0.003	0
rs7138803	0.032	0.003	0
rs7141420	0.024	0.003	0
rs7164727	0.019	0.003	0
rs7239883	0.023	0.004	1
rs7243357	0.022	0.004	1
rs758747	0.023	0.004	0
rs7599312	0.022	0.003	1
rs7715256	0.017	0.003	1
rs7899106	0.04	0.007	0
rs7903146	0.023	0.003	1
rs9374842	0.023	0.004	0
rs9400239	0.019	0.003	0
rs9540493	0.021	0.004	1
rs9581854	0.03	0.005	0
rs9641123	0.029	0.005	0
rs977747	0.017	0.003	1
rs9914578	0.02	0.004	0
rs9925964	0.019	0.003	1
